image: fastlio-asc2.pgm
resolution: 0.050000
origin: [-1.612415, -15.546312, 0.000000]
negate: 0
occupied_thresh: 0.65
free_thresh: 0.196

