image: fast_lio_map_test.pgm
resolution: 0.050000
origin: [-1.515865, -15.480224, 0.000000]
negate: 0
occupied_thresh: 0.65
free_thresh: 0.196

