image: ./map_improve_3.pgm
resolution: 0.020000
origin: [-1.377940, -15.324464, 0.000000]
negate: 0
occupied_thresh: 0.65
free_thresh: 0.19