image: ./map_new.pgm
resolution: 0.020000
origin: [-1.523995, -15.362563, 0.000000]
negate: 0
occupied_thresh: 0.65
free_thresh: 0.196

