image: map_-0.1-15.pgm
resolution: 0.050000
origin: [-1.284946, -17.337347, 0.000000]
negate: 0
occupied_thresh: 0.65
free_thresh: 0.196

