image: map_-0.05-1.5.pgm
resolution: 0.050000
origin: [-1.314065, -17.247708, 0.000000]
negate: 0
occupied_thresh: 0.65
free_thresh: 0.196

