image: map_-0.05-10.pgm
resolution: 0.050000
origin: [-1.345362, -17.248061, 0.000000]
negate: 0
occupied_thresh: 0.65
free_thresh: 0.196

