image: map_0.1.pgm
resolution: 0.050000
origin: [-1.286335, -17.272250, 0.000000]
negate: 0
occupied_thresh: 0.65
free_thresh: 0.196

