image: map_-0.12.pgm
resolution: 0.050000
origin: [-1.318797, -18.815897, 0.000000]
negate: 0
occupied_thresh: 0.65
free_thresh: 0.196

