image: map_-0.11.pgm
resolution: 0.050000
origin: [-1.372631, -17.278600, 0.000000]
negate: 0
occupied_thresh: 0.65
free_thresh: 0.196

