image: map.pgm
resolution: 0.050000
origin: [-1.095916, -16.746929, 0.000000]
negate: 0
occupied_thresh: 0.65
free_thresh: 0.196

