image: fastlio_final.pgm
resolution: 0.010000
origin: [-1.70, -15.80, 0.000000]
# origin: [0.0, 0.0, 0.000000]
negate: 0
occupied_thresh: 0.65
free_thresh: 0.196

