image: map_improve.pgm
resolution: 0.010000
origin: [-1.515865, -15.480224, 0.000000]
negate: 0
occupied_thresh: 0.65
free_thresh: 0.196

